[210, 233]	-0.0512082
[208, 227]	0.301208
[227, 186]	-0.269792
[230, 193]	-0.0389896
[225, 195]	-0.0512082
[224, 193]	0.406416
[227, 192]	0.281416
[245, 174]	0.25
[244, 175]	-0.232388
[241, 190]	-0.16399
[239, 193]	0.25
[243, 196]	0.5
[258, 188]	0.448792
[259, 191]	-0.0901978
[244, 198]	-0.0389896
[237, 194]	0.176208
[237, 191]	0.314441
[241, 167]	-0.426208
[243, 169]	-0.310559
[243, 172]	-0.236768
[236, 191]	-0.0605595
[230, 191]	0.0389896
[227, 186]	0.230208
[294, 143]	-0.0826247
[290, 153]	0.0737918
[290, 150]	0.25
[290, 147]	0.28899
[207, 96]	-0.176208
[187, 206]	-0.314441
[181, 217]	-0.0935835
[181, 212]	0.348716
[184, 205]	0.16399
[182, 202]	0.230208
[256, 125]	-0.255303
[258, 131]	-0.263232
[257, 137]	-0.176208
[226, 189]	0.25
[208, 227]	-0.227416
[208, 231]	-0.276284
[209, 233]	-0.406416
[211, 226]	0.33601
[237, 194]	-0.448792
[245, 198]	0.473716
[264, 187]	0.343584
[262, 184]	-0.0860104
[243, 196]	-0.0262842
[239, 193]	0.281416
[244, 175]	0.267612
[245, 174]	0.25
[244, 166]	0.237781
[244, 161]	0.281416
[292, 143]	-0.215198
[285, 156]	0.5
[289, 155]	0.417375
[296, 142]	0.448792
[311, 146]	0.218584
[296, 132]	-0.0389896
[278, 124]	-0.234137
[276, 123]	0.260595
[266, 126]	-0.484137
[268, 128]	-0.0132323
[243, 168]	-0.189441
[234, 169]	0
[233, 167]	0.4321
[258, 131]	0.237781
[256, 125]	0.244697
[271, 99]	-0.28899
[269, 101]	0.125
[258, 104]	-0.242049
[258, 123]	-0.257951
[258, 123]	0.242049
[258, 104]	0.263232
[260, 99]	0.375
[270, 98]	0.0737918
[182, 203]	-0.269792
[184, 205]	-0.352416
[180, 213]	-0.176208
